2 1 63 127 376 XOR
3 1 62 126 438 XOR
3 1 61 125 437 XOR
3 1 60 124 436 XOR
3 1 59 123 435 XOR
3 1 58 122 434 XOR
3 1 57 121 433 XOR
3 1 56 120 432 XOR
3 1 55 119 431 XOR
3 1 54 118 430 XOR
3 1 53 117 429 XOR
3 1 52 116 428 XOR
3 1 51 115 427 XOR
3 1 50 114 426 XOR
3 1 49 113 425 XOR
3 1 48 112 424 XOR
3 1 47 111 423 XOR
3 1 46 110 422 XOR
3 1 45 109 421 XOR
3 1 44 108 420 XOR
3 1 43 107 419 XOR
3 1 42 106 418 XOR
3 1 41 105 417 XOR
3 1 40 104 416 XOR
3 1 39 103 415 XOR
3 1 38 102 414 XOR
3 1 37 101 413 XOR
3 1 36 100 412 XOR
3 1 35 99 411 XOR
3 1 34 98 410 XOR
3 1 33 97 409 XOR
3 1 32 96 408 XOR
3 1 31 95 407 XOR
3 1 30 94 406 XOR
3 1 29 93 405 XOR
3 1 28 92 404 XOR
3 1 27 91 403 XOR
3 1 26 90 402 XOR
3 1 25 89 401 XOR
3 1 24 88 400 XOR
3 1 23 87 399 XOR
3 1 22 86 398 XOR
3 1 21 85 397 XOR
3 1 20 84 396 XOR
3 1 19 83 395 XOR
3 1 18 82 394 XOR
3 1 17 81 393 XOR
3 1 16 80 392 XOR
3 1 15 79 391 XOR
3 1 14 78 390 XOR
3 1 13 77 389 XOR
3 1 12 76 388 XOR
3 1 11 75 387 XOR
3 1 10 74 386 XOR
3 1 9 73 385 XOR
3 1 8 72 384 XOR
3 1 7 71 383 XOR
3 1 6 70 382 XOR
3 1 5 69 381 XOR
3 1 4 68 380 XOR
3 1 3 67 379 XOR
3 1 2 66 378 XOR
3 1 1 65 377 XOR
2 1 0 64 440 XOR
2 1 0 64 377 AND
2 1 65 377 129 XOR
2 1 1 377 128 XOR
3 1 128 129 377 AND-XOR
2 1 66 378 132 XOR
2 1 2 378 131 XOR
3 1 131 132 378 AND-XOR
2 1 67 379 135 XOR
2 1 3 379 134 XOR
3 1 134 135 379 AND-XOR
2 1 68 380 138 XOR
2 1 4 380 137 XOR
3 1 137 138 380 AND-XOR
2 1 69 381 141 XOR
2 1 5 381 140 XOR
3 1 140 141 381 AND-XOR
2 1 70 382 144 XOR
2 1 6 382 143 XOR
3 1 143 144 382 AND-XOR
2 1 71 383 147 XOR
2 1 7 383 146 XOR
3 1 146 147 383 AND-XOR
2 1 72 384 150 XOR
2 1 8 384 149 XOR
3 1 149 150 384 AND-XOR
2 1 73 385 153 XOR
2 1 9 385 152 XOR
3 1 152 153 385 AND-XOR
2 1 74 386 156 XOR
2 1 10 386 155 XOR
3 1 155 156 386 AND-XOR
2 1 75 387 159 XOR
2 1 11 387 158 XOR
3 1 158 159 387 AND-XOR
2 1 76 388 162 XOR
2 1 12 388 161 XOR
3 1 161 162 388 AND-XOR
2 1 77 389 165 XOR
2 1 13 389 164 XOR
3 1 164 165 389 AND-XOR
2 1 78 390 168 XOR
2 1 14 390 167 XOR
3 1 167 168 390 AND-XOR
2 1 79 391 171 XOR
2 1 15 391 170 XOR
3 1 170 171 391 AND-XOR
2 1 80 392 174 XOR
2 1 16 392 173 XOR
3 1 173 174 392 AND-XOR
2 1 81 393 177 XOR
2 1 17 393 176 XOR
3 1 176 177 393 AND-XOR
2 1 82 394 180 XOR
2 1 18 394 179 XOR
3 1 179 180 394 AND-XOR
2 1 83 395 183 XOR
2 1 19 395 182 XOR
3 1 182 183 395 AND-XOR
2 1 84 396 186 XOR
2 1 20 396 185 XOR
3 1 185 186 396 AND-XOR
2 1 85 397 189 XOR
2 1 21 397 188 XOR
3 1 188 189 397 AND-XOR
2 1 86 398 192 XOR
2 1 22 398 191 XOR
3 1 191 192 398 AND-XOR
2 1 87 399 195 XOR
2 1 23 399 194 XOR
3 1 194 195 399 AND-XOR
2 1 88 400 198 XOR
2 1 24 400 197 XOR
3 1 197 198 400 AND-XOR
2 1 89 401 201 XOR
2 1 25 401 200 XOR
3 1 200 201 401 AND-XOR
2 1 90 402 204 XOR
2 1 26 402 203 XOR
3 1 203 204 402 AND-XOR
2 1 91 403 207 XOR
2 1 27 403 206 XOR
3 1 206 207 403 AND-XOR
2 1 92 404 210 XOR
2 1 28 404 209 XOR
3 1 209 210 404 AND-XOR
2 1 93 405 213 XOR
2 1 29 405 212 XOR
3 1 212 213 405 AND-XOR
2 1 94 406 216 XOR
2 1 30 406 215 XOR
3 1 215 216 406 AND-XOR
2 1 31 407 218 XOR
2 1 95 407 219 XOR
3 1 218 219 407 AND-XOR
2 1 96 408 222 XOR
2 1 32 408 221 XOR
3 1 221 222 408 AND-XOR
2 1 97 409 225 XOR
2 1 33 409 224 XOR
3 1 224 225 409 AND-XOR
2 1 98 410 228 XOR
2 1 34 410 227 XOR
3 1 227 228 410 AND-XOR
2 1 35 411 230 XOR
2 1 99 411 231 XOR
3 1 230 231 411 AND-XOR
2 1 100 412 234 XOR
2 1 36 412 233 XOR
3 1 233 234 412 AND-XOR
2 1 101 413 237 XOR
2 1 37 413 236 XOR
3 1 236 237 413 AND-XOR
2 1 102 414 240 XOR
2 1 38 414 239 XOR
3 1 239 240 414 AND-XOR
2 1 39 415 242 XOR
2 1 103 415 243 XOR
3 1 242 243 415 AND-XOR
2 1 104 416 246 XOR
2 1 40 416 245 XOR
3 1 245 246 416 AND-XOR
2 1 105 417 249 XOR
2 1 41 417 248 XOR
3 1 248 249 417 AND-XOR
2 1 106 418 252 XOR
2 1 42 418 251 XOR
3 1 251 252 418 AND-XOR
2 1 43 419 254 XOR
2 1 107 419 255 XOR
3 1 254 255 419 AND-XOR
2 1 108 420 258 XOR
2 1 44 420 257 XOR
3 1 257 258 420 AND-XOR
2 1 109 421 261 XOR
2 1 45 421 260 XOR
3 1 260 261 421 AND-XOR
2 1 110 422 264 XOR
2 1 46 422 263 XOR
3 1 263 264 422 AND-XOR
2 1 47 423 266 XOR
2 1 111 423 267 XOR
3 1 266 267 423 AND-XOR
2 1 112 424 270 XOR
2 1 48 424 269 XOR
3 1 269 270 424 AND-XOR
2 1 113 425 273 XOR
2 1 49 425 272 XOR
3 1 272 273 425 AND-XOR
2 1 114 426 276 XOR
2 1 50 426 275 XOR
3 1 275 276 426 AND-XOR
2 1 115 427 279 XOR
2 1 51 427 278 XOR
3 1 278 279 427 AND-XOR
2 1 116 428 282 XOR
2 1 52 428 281 XOR
3 1 281 282 428 AND-XOR
2 1 117 429 285 XOR
2 1 53 429 284 XOR
3 1 284 285 429 AND-XOR
2 1 118 430 288 XOR
2 1 54 430 287 XOR
3 1 287 288 430 AND-XOR
2 1 119 431 291 XOR
2 1 55 431 290 XOR
3 1 290 291 431 AND-XOR
2 1 120 432 294 XOR
2 1 56 432 293 XOR
3 1 293 294 432 AND-XOR
2 1 121 433 297 XOR
2 1 57 433 296 XOR
3 1 296 297 433 AND-XOR
2 1 122 434 300 XOR
2 1 58 434 299 XOR
3 1 299 300 434 AND-XOR
2 1 123 435 303 XOR
2 1 59 435 302 XOR
3 1 302 303 435 AND-XOR
2 1 60 436 305 XOR
2 1 124 436 306 XOR
3 1 305 306 436 AND-XOR
2 1 125 437 309 XOR
2 1 61 437 308 XOR
3 1 308 309 437 AND-XOR
2 1 126 438 312 XOR
2 1 62 438 311 XOR
3 1 311 312 438 AND-XOR